1142501689586409472
1142498938630443008
1142491430796984320
1142181516870422528
1142181026862522368
1142180621877334017
1142134742726275072
1142132563999219712
1142130690848256002
1142115432649777152
1141978540021170176
1141977875567919104
1141805140581613574
1141803607362166784
1141783924508516352
1141782573498040320
1141781922500239361
1141779311155744768
1141770185667469312
1141530584046604295
1141530118621257729
1141439850861588480
1141420018183262208
1141419842139852800
1141411390155980800
1141409584457768960
1141378360544641024
1141375028321062912
1141367104702038016
1141201369556119554
1141198742919344130
1141169500512870400
1141132845202599937
1141131693954195456
1141064867039727616
1141062780012978176
1141062737960853504
1141052390759698433
1141047201310789632
1141047129122566144
1141047095329083392
1140476920322068480
1140475714136768512
1140473067375751168
1140472581885067264
1140470887721816064
1140414413322670080
1140409588279209984
1140392195943325696
1140389809384411136
1140359196308729856
1140305835504963584
1140062069183483905
1140061487160909824
1140035599950176256
1140035558594363392
1140013528645947393
1140007351384043520
1139993741089898496
1139992233040420864
1139987306914279425
1139962675092320257
1139959037166907393
1139953128856379392
1139951976236507140
1139722712236974081
1139721447432019968
1139719899595472896
1139719644300771328
1139718023638421504
1139699056530214912
1139693424586526720
1139622737809293312
1139614882683183104
1139356617911128064
1139352355768373248
1139350070464094208
1139349516304277504
1139298574489907200
1139286306259816449
1139268417288933377
1139208765691924483
1139191543577731077
1139191115863580672
1139053949514764288
1139030512457195522
1139022467526287361
1138979630516334592
